1.8747136e+00  -2.1767839e-02
1.7817538e+00   1.0683204e+00
-1.4106744e+00  -1.3716776e+00
-1.2892420e-01  -2.4053031e-03
-1.5303249e-01  -2.6715644e-01
1.3731319e-02  -2.4555643e-01
-1.8385734e+00   2.1003251e-02
5.1475091e-01   4.0075806e-01
1.8240129e+00   7.0202720e-02
-2.1123057e-01  -1.2637810e-01
-8.0500424e-01  -1.0221005e+00
1.3489876e-01   6.8906348e-01
1.3918033e+00   7.6952310e-01
-1.1060774e+00  -1.0661731e+00
1.8233627e+00   3.2434778e-01
-1.3006126e+00  -8.6846442e-01
-1.0297798e-01   4.4455229e-02
2.1735462e+00   1.5332781e-01
1.0445449e+00   1.1581296e+00
1.9985489e+00  -1.4673186e-01
-8.2044414e-01  -1.3664774e+00
1.6404780e+00   6.3485645e-01
-6.6918782e-01  -1.2737622e+00
1.7415855e-01   1.9334350e-01
-2.1581455e+00  -1.9388056e-01
-2.1583027e+00   3.3139688e-02
-1.8830931e+00  -3.5717046e-01
1.9946987e+00   5.4819289e-02
-1.8991094e+00  -2.1272665e-01
1.8751636e+00   2.1130023e-01
-2.2903950e+00  -6.9172441e-02
-2.1170358e+00   1.8542821e-01
-2.1737436e-01  -1.2917419e-01
9.9623038e-01   1.0910250e+00
6.4346671e-01   1.2030308e+00
8.1175870e-01   1.0447783e+00
-1.6241491e-01  -5.5178535e-01
-2.1593277e+00   1.7870782e-01
-9.6006986e-01  -8.7442593e-01
7.6210418e-01   9.3495237e-01
1.0755352e+00   1.0050526e+00
-6.0003207e-02  -9.2072823e-02
2.1798778e+00  -1.5048100e-01
-1.9142742e+00  -3.8844376e-01
9.2454247e-01   1.2230534e+00
2.3507232e+00  -6.1045427e-01
1.3017167e+00   9.8748350e-01
-4.8524211e-01  -6.5909100e-01
-2.1778905e-02   2.4272356e-03
1.2185307e+00   7.9926975e-01
-2.0519403e+00   1.7780253e-01
-5.5206496e-01  -3.8301208e-01
-1.6031545e+00  -8.2050165e-01
2.0257917e+00   4.5462551e-01
2.4989628e+00  -3.2853392e-01
-2.3156124e+00   3.7739795e-01
2.4880809e+00  -5.4879414e-01
1.8675609e+00   1.2500352e-02
2.4376937e+00  -3.2707854e-01
3.2130460e-01   4.0712002e-01
-8.1077717e-01  -9.1402037e-01
-6.2969904e-01  -2.3269957e-01
2.3239824e-01   2.9822887e-01
-1.7313408e-02  -1.7915177e-01
2.2541878e+00  -7.8144544e-02
6.7815518e-02   3.8236473e-01
-2.2078149e-01  -3.4958872e-01
-1.4339261e+00  -9.9028652e-01
1.6637712e+00   7.9406984e-01
1.4872847e-01   6.4733652e-01
5.9372157e-02   1.6145126e-01
-1.4335755e+00  -7.1788149e-01
-1.7861839e+00  -6.9309293e-01
9.1653958e-01   1.0686619e+00
-1.4017203e+00  -9.6143554e-01
6.4953972e-01   8.8232062e-01
-1.8621047e+00  -6.4286666e-01
-2.4950029e+00   4.7489236e-01
-5.7571606e-02  -5.1652882e-01
8.3419289e-01   6.9802339e-01
-1.9016232e+00   1.6249486e-01
2.3792699e+00  -6.1924550e-01
-3.0590781e-02   4.4488093e-01
-1.2856192e+00  -5.0735229e-01
1.5679560e+00   7.2399322e-01
-6.0138030e-01  -3.6132492e-01
9.0175833e-01   8.1810661e-01
6.5977355e-01   6.1634917e-01
3.5706536e-01   8.9332494e-01
1.7484101e+00   3.0607576e-01
9.1228832e-01   8.0514354e-01
2.4346338e+00  -9.3691465e-01
-1.2484706e+00  -7.6190711e-01
-2.0778845e+00  -2.0291356e-02
1.5031149e+00   1.0895544e+00
-1.7916851e+00  -4.8109167e-01
-7.4809814e-01  -9.2959224e-01
4.3701700e-01   4.5492209e-01
2.0266530e+00   2.0811234e-01
-1.6853021e+00  -5.0685877e-01